19940000
19940001
19940002
19940003
19940004
19940005
19940006
19940007
19940008
19940009
19940010
19940011
19940012
19940013
19940014
19940015
19940016
19940017
tiramisu123
tiramisu_123
tiramisu123456789
tiramisu*123
tiramisu!123
tiramisu@123
19940018
19940019
19940020
19940021
19940022
19940023
19940024
19940025
19940026
19940027
19940028
19940029
19940030
19940031
19940032
19940033
19940034
19940035
19940036
19940037
19940038
19940039
19940040
19940041
19940042
19940043
19940044
19940045
19940046
19940047
19940048
19940049
19940050
19940051
19940052
19940053
19940054
19940055
19940056
19940057
19940058
19940059
19940060
19940061
19940062
19940063
19940064
19940065
19940066
19940067
19940068
19940069
19940070
19940071
19940072
19940073
19940074
19940075
19940076
19940077
19940078
19940079
19940080
19940081
19940082
19940083
19940084
19940085
19940086
19940087
19940088
19940089
19940090
19940091
19940092
19940093
19940094
19940095
19940096
19940097
19940098
19940099
19940100
19940101
19940102
19940103
19940104
19940105
19940106
19940107
19940108
19940109
19940110
19940111
19940112
19940113
19940114
19940115
19940116
19940117
19940118
19940119
19940120
19940121
19940122
19940123
19940124
19940125
19940126
19940127
19940128
19940129
19940130
19940131
19940132
19940133
19940134
19940135
19940136
19940137
19940138
19940139
19940140
19940141
19940142
19940143
19940144
19940145
19940146
19940147
19940148
19940149
19940150
19940151
19940152
19940153
19940154
19940155
19940156
19940157
19940158
19940159
19940160
19940161
19940162
19940163
19940164
19940165
19940166
19940167
19940168
19940169
19940170
19940171
19940172
19940173
19940174
19940175
19940176
19940177
19940178
19940179
19940180
19940181
19940182
19940183
19940184
19940185
19940186
19940187
19940188
19940189
19940190
19940191
19940192
19940193
19940194
19940195
19940196
19940197
19940198
19940199
19940200
19940201
19940202
19940203
19940204
19940205
19940206
19940207
19940208
19940209
19940210
19940211
19940212
19940213
19940214
19940215
19940216
19940217
19940218
19940219
19940220
19940221
19940222
19940223
19940224
19940225
19940226
19940227
19940228
19940229
19940230
19940231
19940232
19940233
19940234
19940235
19940236
19940237
19940238
19940239
19940240
19940241
19940242
19940243
19940244
19940245
19940246
19940247
19940248
19940249
19940250
19940251
19940252
19940253
19940254
19940255
19940256
19940257
19940258
19940259
19940260
19940261
19940262
19940263
19940264
19940265
19940266
19940267
19940268
19940269
19940270
19940271
19940272
19940273
19940274
19940275
19940276
19940277
19940278
19940279
19940280
19940281
19940282
19940283
19940284
19940285
19940286
19940287
19940288
19940289
19940290
19940291
19940292
19940293
19940294
19940295
19940296
19940297
19940298
19940299
19940300
19940301
19940302
19940303
19940304
19940305
19940306
19940307
19940308
19940309
19940310
19940311
19940312
19940313
19940314
19940315
19940316
19940317
19940318
19940319
19940320
19940321
19940322
19940323
19940324
19940325
19940326
19940327
19940328
19940329
19940330
19940331
19940332
19940333
19940334
19940335
19940336
19940337
19940338
19940339
19940340
19940341
19940342
19940343
19940344
19940345
19940346
19940347
19940348
19940349
19940350
19940351
19940352
19940353
19940354
19940355
19940356
19940357
19940358
19940359
19940360
19940361
19940362
19940363
19940364
19940365
19940366
19940367
19940368
19940369
19940370
19940371
19940372
19940373
19940374
19940375
19940376
19940377
19940378
19940379
19940380
19940381
19940382
19940383
19940384
19940385
19940386
19940387
19940388
19940389
19940390
19940391
19940392
19940393
19940394
19940395
19940396
19940397
19940398
19940399
19940400
19940401
19940402
19940403
19940404
19940405
19940406
19940407
19940408
19940409
19940410
19940411
19940412
19940413
19940414
19940415
19940416
19940417
19940418
19940419
19940420
19940421
19940422
19940423
19940424
19940425
19940426
19940427
19940428
19940429
19940430
19940431
19940432
19940433
19940434
19940435
19940436
19940437
19940438
19940439
19940440
19940441
19940442
19940443
19940444
19940445
19940446
19940447
19940448
19940449
19940450
19940451
19940452
19940453
19940454
19940455
19940456
19940457
19940458
19940459
19940460
19940461
19940462
19940463
19940464
19940465
19940466
19940467
19940468
19940469
19940470
19940471
19940472
19940473
19940474
19940475
19940476
19940477
19940478
19940479
19940480
19940481
19940482
19940483
19940484
19940485
19940486
19940487
19940488
19940489
19940490
19940491
19940492
19940493
19940494
19940495
19940496
19940497
19940498
19940499
19940500
19940501
19940502
19940503
19940504
19940505
19940506
19940507
19940508
19940509
19940510
19940511
19940512
19940513
19940514
19940515
19940516
19940517
19940518
19940519
19940520
19940521
19940522
19940523
19940524
19940525
19940526
19940527
19940528
19940529
19940530
19940531
19940532
19940533
19940534
19940535
19940536
19940537
19940538
19940539
19940540
19940541
19940542
19940543
19940544
19940545
19940546
19940547
19940548
19940549
19940550
19940551
19940552
19940553
19940554
19940555
19940556
19940557
19940558
19940559
19940560
19940561
19940562
19940563
19940564
19940565
19940566
19940567
19940568
19940569
19940570
19940571
19940572
19940573
19940574
19940575
19940576
19940577
19940578
19940579
19940580
19940581
19940582
19940583
19940584
19940585
19940586
19940587
19940588
19940589
19940590
19940591
19940592
19940593
19940594
19940595
19940596
19940597
19940598
19940599
19940600
19940601
19940602
19940603
19940604
19940605
19940606
19940607
19940608
19940609
19940610
19940611
19940612
19940613
19940614
19940615
19940616
19940617
19940618
19940619
19940620
19940621
19940622
19940623
19940624
19940625
19940626
19940627
19940628
19940629
19940630
19940631
19940632
19940633
19940634
19940635
19940636
19940637
19940638
19940639
19940640
19940641
19940642
19940643
19940644
19940645
19940646
19940647
19940648
19940649
19940650
19940651
19940652
19940653
19940654
19940655
19940656
19940657
19940658
19940659
19940660
19940661
19940662
19940663
19940664
19940665
19940666
19940667
19940668
19940669
19940670
19940671
19940672
19940673
19940674
19940675
19940676
19940677
19940678
19940679
19940680
19940681
19940682
19940683
19940684
19940685
19940686
19940687
19940688
19940689
19940690
19940691
19940692
19940693
19940694
19940695
19940696
19940697
19940698
19940699
19940700
19940701
19940702
19940703
19940704
19940705
19940706
19940707
19940708
19940709
19940710
19940711
19940712
19940713
19940714
19940715
19940716
19940717
19940718
19940719
19940720
19940721
19940722
19940723
19940724
19940725
19940726
19940727
19940728
19940729
19940730
19940731
19940732
19940733
19940734
19940735
19940736
19940737
19940738
19940739
19940740
19940741
19940742
19940743
19940744
19940745
19940746
19940747
19940748
19940749
19940750
19940751
19940752
19940753
19940754
19940755
19940756
19940757
19940758
19940759
19940760
19940761
19940762
19940763
19940764
19940765
19940766
19940767
19940768
19940769
19940770
19940771
19940772
19940773
19940774
19940775
19940776
19940777
19940778
19940779
19940780
19940781
19940782
19940783
19940784
19940785
19940786
19940787
19940788
19940789
19940790
19940791
19940792
19940793
19940794
19940795
19940796
19940797
19940798
19940799
19940800
19940801
19940802
19940803
19940804
19940805
19940806
19940807
19940808
19940809
19940810
19940811
19940812
19940813
19940814
19940815
19940816
19940817
19940818
19940819
19940820
19940821
19940822
19940823
19940824
19940825
19940826
19940827
19940828
19940829
19940830
19940831
19940832
19940833
19940834
19940835
19940836
19940837
19940838
19940839
19940840
19940841
19940842
19940843
19940844
19940845
19940846
19940847
19940848
19940849
19940850
19940851
19940852
19940853
19940854
19940855
19940856
19940857
19940858
19940859
19940860
19940861
19940862
19940863
19940864
19940865
19940866
19940867
19940868
19940869
19940870
19940871
19940872
19940873
19940874
19940875
19940876
19940877
19940878
19940879
19940880
19940881
19940882
19940883
19940884
19940885
19940886
19940887
19940888
19940889
19940890
19940891
19940892
19940893
19940894
19940895
19940896
19940897
19940898
19940899
19940900
19940901
19940902
19940903
19940904
19940905
19940906
19940907
19940908
19940909
19940910
19940911
19940912
19940913
19940914
19940915
19940916
19940917
19940918
19940919
19940920
19940921
19940922
19940923
19940924
19940925
19940926
19940927
19940928
19940929
19940930
19940931
19940932
19940933
19940934
19940935
19940936
19940937
19940938
19940939
19940940
19940941
19940942
19940943
19940944
19940945
19940946
19940947
19940948
19940949
19940950
19940951
19940952
19940953
19940954
19940955
19940956
19940957
19940958
19940959
19940960
19940961
19940962
19940963
19940964
19940965
19940966
19940967
19940968
19940969
19940970
19940971
19940972
19940973
19940974
19940975
19940976
19940977
19940978
19940979
19940980
19940981
19940982
19940983
19940984
19940985
19940986
19940987
19940988
19940989
19940990
19940991
19940992
19940993
19940994
19940995
19940996
19940997
19940998
19940999
19941000
19941001
19941002
19941003
19941004
19941005
19941006
19941007
19941008
19941009
19941010
19941011
19941012
19941013
19941014
19941015
19941016
19941017
19941018
19941019
19941020
19941021
19941022
19941023
19941024
19941025
19941026
19941027
19941028
19941029
19941030
19941031
19941032
19941033
19941034
19941035
19941036
19941037
19941038
19941039
19941040
19941041
19941042
19941043
19941044
19941045
19941046
19941047
19941048
19941049
19941050
19941051
19941052
19941053
19941054
19941055
19941056
19941057
19941058
19941059
19941060
19941061
19941062
19941063
19941064
19941065
19941066
19941067
19941068
19941069
19941070
19941071
19941072
19941073
19941074
19941075
19941076
19941077
19941078
19941079
19941080
19941081
19941082
19941083
19941084
19941085
19941086
19941087
19941088
19941089
19941090
19941091
19941092
19941093
19941094
19941095
19941096
19941097
19941098
19941099
19941100
19941101
19941102
19941103
19941104
19941105
19941106
19941107
19941108
19941109
19941110
19941111
19941112
19941113
19941114
19941115
19941116
19941117
19941118
19941119
19941120
19941121
19941122
19941123
19941124
19941125
19941126
19941127
19941128
19941129
19941130
19941131
19941132
19941133
19941134
19941135
19941136
19941137
19941138
19941139
19941140
19941141
19941142
19941143
19941144
19941145
19941146
19941147
19941148
19941149
19941150
19941151
19941152
19941153
19941154
19941155
19941156
19941157
19941158
19941159
19941160
19941161
19941162
19941163
19941164
19941165
19941166
19941167
19941168
19941169
19941170
19941171
19941172
19941173
19941174
19941175
19941176
19941177
19941178
19941179
19941180
19941181
19941182
19941183
19941184
19941185
19941186
19941187
19941188
19941189
19941190
19941191
19941192
19941193
19941194
19941195
19941196
19941197
19941198
19941199
19941200
19941201
19941202
19941203
19941204
19941205
19941206
19941207
19941208
19941209
19941210
19941211
19941212
19941213
19941214
19941215
19941216
19941217
19941218
19941219
19941220
19941221
19941222
19941223
19941224
19941225
19941226
19941227
19941228
19941229
19941230
19941231
19941232
19941233
19941234
19941235
19941236
19941237
19941238
19941239
19941240
19941241
19941242
19941243
19941244
19941245
19941246
19941247
19941248
19941249
19941250
19941251
19941252
19941253
19941254
19941255
19941256
19941257
19941258
19941259
19941260
19941261
19941262
19941263
19941264
19941265
19941266
19941267
19941268
19941269
19941270
19941271
19941272
19941273
19941274
19941275
19941276
19941277
19941278
19941279
19941280
19941281
19941282
19941283
19941284
19941285
19941286
19941287
19941288
19941289
19941290
19941291
19941292
19941293
19941294
19941295
19941296
19941297
19941298
19941299
19941300
19941301
19941302
19941303
19941304
19941305
19941306
19941307
19941308
19941309
19941310
19941311
19941312
19941313
19941314
19941315
19941316
19941317
19941318
19941319
19941320
19941321
19941322
19941323
19941324
19941325
19941326
19941327
19941328
19941329
19941330
19941331
19941332
19941333
19941334
19941335
19941336
19941337
19941338
19941339
19941340
19941341
19941342
19941343
19941344
19941345
19941346
19941347
19941348
19941349
19941350
19941351
19941352
19941353
19941354
19941355
19941356
19941357
19941358
19941359
19941360
19941361
19941362
19941363
19941364
19941365
19941366
19941367
19941368
19941369
19941370
19941371
19941372
19941373
19941374
19941375
19941376
19941377
19941378
19941379
19941380
19941381
19941382
19941383
19941384
19941385
19941386
19941387
19941388
19941389
19941390
19941391
19941392
19941393
19941394
19941395
19941396
19941397
19941398
19941399
19941400
19941401
19941402
19941403
19941404
19941405
19941406
19941407
19941408
19941409
19941410
19941411
19941412
19941413
19941414
19941415
19941416
19941417
19941418
19941419
19941420
19941421
19941422
19941423
19941424
19941425
19941426
19941427
19941428
19941429
19941430
19941431
19941432
19941433
19941434
19941435
19941436
19941437
19941438
19941439
19941440
19941441
19941442
19941443
19941444
19941445
19941446
19941447
19941448
19941449
19941450
19941451
19941452
19941453
19941454
19941455
19941456
19941457
19941458
19941459
19941460
19941461
19941462
19941463
19941464
19941465
19941466
19941467
19941468
19941469
19941470
19941471
19941472
19941473
19941474
19941475
19941476
19941477
19941478
19941479
19941480
19941481
19941482
19941483
19941484
19941485
19941486
19941487
19941488
19941489
19941490
19941491
19941492
19941493
19941494
19941495
19941496
19941497
19941498
19941499
19941500
19941501
19941502
19941503
19941504
19941505
19941506
19941507
19941508
19941509
19941510
19941511
19941512
19941513
19941514
19941515
19941516
19941517
19941518
19941519
19941520
19941521
19941522
19941523
19941524
19941525
19941526
19941527
19941528
19941529
19941530
19941531
19941532
19941533
19941534
19941535
19941536
19941537
19941538
19941539
19941540
19941541
19941542
19941543
19941544
19941545
19941546
19941547
19941548
19941549
19941550
19941551
19941552
19941553
19941554
19941555
19941556
19941557
19941558
19941559
19941560
19941561
19941562
19941563
19941564
19941565
19941566
19941567
19941568
19941569
19941570
19941571
19941572
19941573
19941574
19941575
19941576
19941577
19941578
19941579
19941580
19941581
19941582
19941583
19941584
19941585
19941586
19941587
19941588
19941589
19941590
19941591
19941592
19941593
19941594
19941595
19941596
19941597
19941598
19941599
19941600
19941601
19941602
19941603
19941604
19941605
19941606
19941607
19941608
19941609
19941610
19941611
19941612
19941613
19941614
19941615
19941616
19941617
19941618
19941619
19941620
19941621
19941622
19941623
19941624
19941625
19941626
19941627
19941628
19941629
19941630
19941631
19941632
19941633
19941634
19941635
19941636
19941637
19941638
19941639
19941640
19941641
19941642
19941643
19941644
19941645
19941646
19941647
19941648
19941649
19941650
19941651
19941652
19941653
19941654
19941655
19941656
19941657
19941658
19941659
19941660
19941661
19941662
19941663
19941664
19941665
19941666
19941667
19941668
19941669
19941670
19941671
19941672
19941673
19941674
19941675
19941676
19941677
19941678
19941679
19941680
19941681
19941682
19941683
19941684
19941685
19941686
19941687
19941688
19941689
19941690
19941691
19941692
19941693
19941694
19941695
19941696
19941697
19941698
19941699
19941700
19941701
19941702
19941703
19941704
19941705
19941706
19941707
19941708
19941709
19941710
19941711
19941712
19941713
19941714
19941715
19941716
19941717
19941718
19941719
19941720
19941721
19941722
19941723
19941724
19941725
19941726
19941727
19941728
19941729
19941730
19941731
19941732
19941733
19941734
19941735
19941736
19941737
19941738
19941739
19941740
19941741
19941742
19941743
19941744
19941745
19941746
19941747
19941748
19941749
19941750
19941751
19941752
19941753
19941754
19941755
19941756
19941757
19941758
19941759
19941760
19941761
19941762
19941763
19941764
19941765
19941766
19941767
19941768
19941769
19941770
19941771
19941772
19941773
19941774
19941775
19941776
19941777
19941778
19941779
19941780
19941781
19941782
19941783
19941784
19941785
19941786
19941787
19941788
19941789
19941790
19941791
19941792
19941793
19941794
19941795
19941796
19941797
19941798
19941799
19941800
19941801
19941802
19941803
19941804
19941805
19941806
19941807
19941808
19941809
19941810
19941811
19941812
19941813
19941814
19941815
19941816
19941817
19941818
19941819
19941820
19941821
19941822
19941823
19941824
19941825
19941826
19941827
19941828
19941829
19941830
19941831
19941832
19941833
19941834
19941835
19941836
19941837
19941838
19941839
19941840
19941841
19941842
19941843
19941844
19941845
19941846
19941847
19941848
19941849
19941850
19941851
19941852
19941853
19941854
19941855
19941856
19941857
19941858
19941859
19941860
19941861
19941862
19941863
19941864
19941865
19941866
19941867
19941868
19941869
19941870
19941871
19941872
19941873
19941874
19941875
19941876
19941877
19941878
19941879
19941880
19941881
19941882
19941883
19941884
19941885
19941886
19941887
19941888
19941889
19941890
19941891
19941892
19941893
19941894
19941895
19941896
19941897
19941898
19941899
19941900
19941901
19941902
19941903
19941904
19941905
19941906
19941907
19941908
19941909
19941910
19941911
19941912
19941913
19941914
19941915
19941916
19941917
19941918
19941919
19941920
19941921
19941922
19941923
19941924
19941925
19941926
19941927
19941928
19941929
19941930
19941931
19941932
19941933
19941934
19941935
19941936
19941937
19941938
19941939
19941940
19941941
19941942
19941943
19941944
19941945
19941946
19941947
19941948
19941949
19941950
19941951
19941952
19941953
19941954
19941955
19941956
19941957
19941958
19941959
19941960
19941961
19941962
19941963
19941964
19941965
19941966
19941967
19941968
19941969
19941970
19941971
19941972
19941973
19941974
19941975
19941976
19941977
19941978
19941979
19941980
19941981
19941982
19941983
19941984
19941985
19941986
19941987
19941988
19941989
19941990
19941991
19941992
19941993
19941994
19941995
19941996
19941997
19941998
19941999
19942000
19942001
19942002
19942003
19942004
19942005
19942006
19942007
19942008
19942009
19942010
19942011
19942012
19942013
19942014
19942015
19942016
19942017
19942018
19942019
19942020
19942021
19942022
19942023
19942024
19942025
19942026
19942027
19942028
19942029
19942030
19942031
19942032
19942033
19942034
19942035
19942036
19942037
19942038
19942039
19942040
19942041
19942042
19942043
19942044
19942045
19942046
19942047
19942048
19942049
19942050
19942051
19942052
19942053
19942054
19942055
19942056
19942057
19942058
19942059
19942060
19942061
19942062
19942063
19942064
19942065
19942066
19942067
19942068
19942069
19942070
19942071
19942072
19942073
19942074
19942075
19942076
19942077
19942078
19942079
19942080
19942081
19942082
19942083
19942084
19942085
19942086
19942087
19942088
19942089
19942090
19942091
19942092
19942093
19942094
19942095
19942096
19942097
19942098
19942099
19942100
19942101
19942102
19942103
19942104
19942105
19942106
19942107
19942108
19942109
19942110
19942111
19942112
19942113
19942114
19942115
19942116
19942117
19942118
19942119
19942120
19942121
19942122
19942123
19942124
19942125
19942126
19942127
19942128
19942129
19942130
19942131
19942132
19942133
19942134
19942135
19942136
19942137
19942138
19942139
19942140
19942141
19942142
19942143
19942144
19942145
19942146
19942147
19942148
19942149
19942150
19942151
19942152
19942153
19942154
19942155
19942156
19942157
19942158
19942159
19942160
19942161
19942162
19942163
19942164
19942165
19942166
19942167
19942168
19942169
19942170
19942171
19942172
19942173
19942174
19942175
19942176
19942177
19942178
19942179
19942180
19942181
19942182
19942183
19942184
19942185
19942186
19942187
19942188
19942189
19942190
19942191
19942192
19942193
19942194
19942195
19942196
19942197
19942198
19942199
19942200
19942201
19942202
19942203
19942204
19942205
19942206
19942207
19942208
19942209
19942210
19942211
19942212
19942213
19942214
19942215
19942216
19942217
19942218
19942219
19942220
19942221
19942222
19942223
19942224
19942225
19942226
19942227
19942228
19942229
19942230
19942231
19942232
19942233
19942234
19942235
19942236
19942237
19942238
19942239
19942240
19942241
19942242
19942243
19942244
19942245
19942246
19942247
19942248
19942249
19942250
19942251
19942252
19942253
19942254
19942255
19942256
19942257
19942258
19942259
19942260
19942261
19942262
19942263
19942264
19942265
19942266
19942267
19942268
19942269
19942270
19942271
19942272
19942273
19942274
19942275
19942276
19942277
19942278
19942279
19942280
19942281
19942282
19942283
19942284
19942285
19942286
19942287
19942288
19942289
19942290
19942291
19942292
19942293
19942294
19942295
19942296
19942297
19942298
19942299
19942300
19942301
19942302
19942303
19942304
19942305
19942306
19942307
19942308
19942309
19942310
19942311
19942312
19942313
19942314
19942315
19942316
19942317
19942318
19942319
19942320
19942321
19942322
19942323
19942324
19942325
19942326
19942327
19942328
19942329
19942330
19942331
19942332
19942333
19942334
19942335
19942336
19942337
19942338
19942339
19942340
19942341
19942342
19942343
19942344
19942345
19942346
19942347
19942348
19942349
19942350
19942351
19942352
19942353
19942354
19942355
19942356
19942357
19942358
19942359
19942360
19942361
19942362
19942363
19942364
19942365
19942366
19942367
19942368
19942369
19942370
19942371
19942372
19942373
19942374
19942375
19942376
19942377
19942378
19942379
19942380
19942381
19942382
19942383
19942384
19942385
19942386
19942387
19942388
19942389
19942390
19942391
19942392
19942393
19942394
19942395
19942396
19942397
19942398
19942399
19942400
19942401
19942402
19942403
19942404
19942405
19942406
19942407
19942408
19942409
19942410
19942411
19942412
19942413
19942414
19942415
19942416
19942417
19942418
19942419
19942420
19942421
19942422
19942423
19942424
19942425
19942426
19942427
19942428
19942429
19942430
19942431
19942432
19942433
19942434
19942435
19942436
19942437
19942438
19942439
19942440
19942441
19942442
19942443
19942444
19942445
19942446
19942447
19942448
19942449
19942450
19942451
19942452
19942453
19942454
19942455
19942456
19942457
19942458
19942459
19942460
19942461
19942462
19942463
19942464
19942465
19942466
19942467
19942468
19942469
19942470
19942471
19942472
19942473
19942474
19942475
19942476
19942477
19942478
19942479
19942480
19942481
19942482
19942483
19942484
19942485
19942486
19942487
19942488
19942489
19942490
19942491
19942492
19942493
19942494
19942495
19942496
19942497
19942498
19942499
19942500
19942501
19942502
19942503
19942504
19942505
19942506
19942507
19942508
19942509
19942510
19942511
19942512
19942513
19942514
19942515
19942516
19942517
19942518
19942519
19942520
19942521
19942522
19942523
19942524
19942525
19942526
19942527
19942528
19942529
19942530
19942531
19942532
19942533
19942534
19942535
19942536
19942537
19942538
19942539
19942540
19942541
19942542
19942543
19942544
19942545
19942546
19942547
19942548
19942549
19942550
19942551
19942552
19942553
19942554
19942555
19942556
19942557
19942558
19942559
19942560
19942561
19942562
19942563
19942564
19942565
19942566
19942567
19942568
19942569
19942570
19942571
19942572
19942573
19942574
19942575
19942576
19942577
19942578
19942579
19942580
19942581
19942582
19942583
19942584
19942585
19942586
19942587
19942588
19942589
19942590
19942591
19942592
19942593
19942594
19942595
19942596
19942597
19942598
19942599
19942600
19942601
19942602
19942603
19942604
19942605
19942606
19942607
19942608
19942609
19942610
19942611
19942612
19942613
19942614
19942615
19942616
19942617
19942618
19942619
19942620
19942621
19942622
19942623
19942624
19942625
19942626
19942627
19942628
19942629
19942630
19942631
19942632
19942633
19942634
19942635
19942636
19942637
19942638
19942639
19942640
19942641
19942642
19942643
19942644
19942645
19942646
19942647
19942648
19942649
19942650
19942651
19942652
19942653
19942654
19942655
19942656
19942657
19942658
19942659
19942660
19942661
19942662
19942663
19942664
19942665
19942666
19942667
19942668
19942669
19942670
19942671
19942672
19942673
19942674
19942675
19942676
19942677
19942678
19942679
19942680
19942681
19942682
19942683
19942684
19942685
19942686
19942687
19942688
19942689
19942690
19942691
19942692
19942693
19942694
19942695
19942696
19942697
19942698
19942699
19942700
19942701
19942702
19942703
19942704
19942705
19942706
19942707
19942708
19942709
19942710
19942711
19942712
19942713
19942714
19942715
19942716
19942717
19942718
19942719
19942720
19942721
19942722
19942723
19942724
19942725
19942726
19942727
19942728
19942729
19942730
19942731
19942732
19942733
19942734
19942735
19942736
19942737
19942738
19942739
19942740
19942741
19942742
19942743
19942744
19942745
19942746
19942747
19942748
19942749
19942750
19942751
19942752
19942753
19942754
19942755
19942756
19942757
19942758
19942759
19942760
19942761
19942762
19942763
19942764
19942765
19942766
19942767
19942768
19942769
19942770
19942771
19942772
19942773
19942774
19942775
19942776
19942777
19942778
19942779
19942780
19942781
19942782
19942783
19942784
19942785
19942786
19942787
19942788
19942789
19942790
19942791
19942792
19942793
19942794
19942795
19942796
19942797
19942798
19942799
19942800
19942801
19942802
19942803
19942804
19942805
19942806
19942807
19942808
19942809
19942810
19942811
19942812
19942813
19942814
19942815
19942816
19942817
19942818
19942819
19942820
19942821
19942822
19942823
19942824
19942825
19942826
19942827
19942828
19942829
19942830
19942831
19942832
19942833
19942834
19942835
19942836
19942837
19942838
19942839
19942840
19942841
19942842
19942843
19942844
19942845
19942846
19942847
19942848
19942849
19942850
19942851
19942852
19942853
19942854
19942855
19942856
19942857
19942858
19942859
19942860
19942861
19942862
19942863
19942864
19942865
19942866
19942867
19942868
19942869
19942870
19942871
19942872
19942873
19942874
19942875
19942876
19942877
19942878
19942879
19942880
19942881
19942882
19942883
19942884
19942885
19942886
19942887
19942888
19942889
19942890
19942891
19942892
19942893
19942894
19942895
19942896
19942897
19942898
19942899
19942900
19942901
19942902
19942903
19942904
19942905
19942906
19942907
19942908
19942909
19942910
19942911
19942912
19942913
19942914
19942915
19942916
19942917
19942918
19942919
19942920
19942921
19942922
19942923
19942924
19942925
19942926
19942927
19942928
19942929
19942930
19942931
19942932
19942933
19942934
19942935
19942936
19942937
19942938
19942939
19942940
19942941
19942942
19942943
19942944
19942945
19942946
19942947
19942948
19942949
19942950
19942951
19942952
19942953
19942954
19942955
19942956
19942957
19942958
19942959
19942960
19942961
19942962
19942963
19942964
19942965
19942966
19942967
19942968
19942969
19942970
19942971
19942972
19942973
19942974
19942975
19942976
19942977
19942978
19942979
19942980
19942981
19942982
19942983
19942984
19942985
19942986
19942987
19942988
19942989
19942990
19942991
19942992
19942993
19942994
19942995
19942996
19942997
19942998
19942999
19943000
19943001
19943002
19943003
19943004
19943005
19943006
19943007
19943008
19943009
19943010
19943011
19943012
19943013
19943014
19943015
19943016
19943017
19943018
19943019
19943020
19943021
19943022
19943023
19943024
19943025
19943026
19943027
19943028
19943029
19943030
19943031
19943032
19943033
19943034
19943035
19943036
19943037
19943038
19943039
19943040
19943041
19943042
19943043
19943044
19943045
19943046
19943047
19943048
19943049
19943050
19943051
19943052
19943053
19943054
19943055
19943056
19943057
19943058
19943059
19943060
19943061
19943062
19943063
19943064
19943065
19943066
19943067
19943068
19943069
19943070
19943071
19943072
19943073
19943074
19943075
19943076
19943077
19943078
19943079
19943080
19943081
19943082
19943083
19943084
19943085
19943086
19943087
19943088
19943089
19943090
19943091
19943092
19943093
19943094
19943095
19943096
19943097
19943098
19943099
19943100
19943101
19943102
19943103
19943104
19943105
19943106
19943107
19943108
19943109
19943110
19943111
19943112
19943113
19943114
19943115
19943116
19943117
19943118
19943119
19943120
19943121
19943122
19943123
19943124
19943125
19943126
19943127
19943128
19943129
19943130
19943131
19943132
19943133
19943134
19943135
19943136
19943137
19943138
19943139
19943140
19943141
19943142
19943143
19943144
19943145
19943146
19943147
19943148
19943149
19943150
19943151
19943152
19943153
19943154
19943155
19943156
19943157
19943158
19943159
19943160
19943161
19943162
19943163
19943164
19943165
19943166
19943167
19943168
19943169
19943170
19943171
19943172
19943173
19943174
19943175
19943176
19943177
19943178
19943179
19943180
19943181
19943182
19943183
19943184
19943185
19943186
19943187
19943188
19943189
19943190
19943191
19943192
19943193
19943194
19943195
19943196
19943197
19943198
19943199
19943200
19943201
19943202
19943203
19943204
19943205
19943206
19943207
19943208
19943209
19943210
19943211
19943212
19943213
19943214
19943215
19943216
19943217
19943218
19943219
19943220
19943221
19943222
19943223
19943224
19943225
19943226
19943227
19943228
19943229
19943230
19943231
19943232
19943233
19943234
19943235
19943236
19943237
19943238
19943239
19943240
19943241
19943242
19943243
19943244
19943245
19943246
19943247
19943248
19943249
19943250
19943251
19943252
19943253
19943254
19943255
19943256
19943257
19943258
19943259
19943260
19943261
19943262
19943263
19943264
19943265
19943266
19943267
19943268
19943269
19943270
19943271
19943272
19943273
19943274
19943275
19943276
19943277
19943278
19943279
19943280
19943281
19943282
19943283
19943284
19943285
19943286
19943287
19943288
19943289
19943290
19943291
19943292
19943293
19943294
19943295
19943296
19943297
19943298
19943299
19943300
19943301
19943302
19943303
19943304
19943305
19943306
19943307
19943308
19943309
19943310
19943311
19943312
19943313
19943314
19943315
19943316
19943317
19943318
19943319
19943320
19943321
19943322
19943323
19943324
19943325
19943326
19943327
19943328
19943329
19943330
19943331
19943332
19943333
19943334
19943335
19943336
19943337
19943338
19943339
19943340
19943341
19943342
19943343
19943344
19943345
19943346
19943347
19943348
19943349
19943350
19943351
19943352
19943353
19943354
19943355
19943356
19943357
19943358
19943359
19943360
19943361
19943362
19943363
19943364
19943365
19943366
19943367
19943368
19943369
19943370
19943371
19943372
19943373
19943374
19943375
19943376
19943377
19943378
19943379
19943380
19943381
19943382
19943383
19943384
19943385
19943386
19943387
19943388
19943389
19943390
19943391
19943392
19943393
19943394
19943395
19943396
19943397
19943398
19943399
19943400
19943401
19943402
19943403
19943404
19943405
19943406
19943407
19943408
19943409
19943410
19943411
19943412
19943413
19943414
19943415
19943416
19943417
19943418
19943419
19943420
19943421
19943422
19943423
19943424
19943425
19943426
19943427
19943428
19943429
19943430
19943431
19943432
19943433
19943434
19943435
19943436
19943437
19943438
19943439
19943440
19943441
19943442
19943443
19943444
19943445
19943446
19943447
19943448
19943449
19943450
19943451
19943452
19943453
19943454
19943455
19943456
19943457
19943458
19943459
19943460
19943461
19943462
19943463
19943464
19943465
19943466
19943467
19943468
19943469
19943470
19943471
19943472
19943473
19943474
19943475
19943476
19943477
19943478
19943479
19943480
19943481
19943482
19943483
19943484
19943485
19943486
19943487
19943488
19943489
19943490
19943491
19943492
19943493
19943494
19943495
19943496
19943497
19943498
19943499
19943500
19943501
19943502
19943503
19943504
19943505
19943506
19943507
19943508
19943509
19943510
19943511
19943512
19943513
19943514
19943515
19943516
19943517
19943518
19943519
19943520
19943521
19943522
19943523
19943524
19943525
19943526
19943527
19943528
19943529
19943530
19943531
19943532
19943533
19943534
19943535
19943536
19943537
19943538
19943539
19943540
19943541
19943542
19943543
19943544
19943545
19943546
19943547
19943548
19943549
19943550
19943551
19943552
19943553
19943554
19943555
19943556
19943557
19943558
19943559
19943560
19943561
19943562
19943563
19943564
19943565
19943566
19943567
19943568
19943569
19943570
19943571
19943572
19943573
19943574
19943575
19943576
19943577
19943578
19943579
19943580
19943581
19943582
19943583
19943584
19943585
19943586
19943587
19943588
19943589
19943590
19943591
19943592
19943593
19943594
19943595
19943596
19943597
19943598
19943599
19943600
19943601
19943602
19943603
19943604
19943605
19943606
19943607
19943608
19943609
19943610
19943611
19943612
19943613
19943614
19943615
19943616
19943617
19943618
19943619
19943620
19943621
19943622
19943623
19943624
19943625
19943626
19943627
19943628
19943629
19943630
19943631
19943632
19943633
19943634
19943635
19943636
19943637
19943638
19943639
19943640
19943641
19943642
19943643
19943644
19943645
19943646
19943647
19943648
19943649
19943650
19943651
19943652
19943653
19943654
19943655
19943656
19943657
19943658
19943659
19943660
19943661
19943662
19943663
19943664
19943665
19943666
19943667
19943668
19943669
19943670
19943671
19943672
19943673
19943674
19943675
19943676
19943677
19943678
19943679
19943680
19943681
19943682
19943683
19943684
19943685
19943686
19943687
19943688
19943689
19943690
19943691
19943692
19943693
19943694
19943695
19943696
19943697
19943698
19943699
19943700
19943701
19943702
19943703
19943704
19943705
19943706
19943707
19943708
19943709
19943710
19943711
19943712
19943713
19943714
19943715
19943716
19943717
19943718
19943719
19943720
19943721
19943722
19943723
19943724
19943725
19943726
19943727
19943728
19943729
19943730
19943731
19943732
19943733
19943734
19943735
19943736
19943737
19943738
19943739
19943740
19943741
19943742
19943743
19943744
19943745
19943746
19943747
19943748
19943749
19943750
19943751
19943752
19943753
19943754
19943755
19943756
19943757
19943758
19943759
19943760
19943761
19943762
19943763
19943764
19943765
19943766
19943767
19943768
19943769
19943770
19943771
19943772
19943773
19943774
19943775
19943776
19943777
19943778
19943779
19943780
19943781
19943782
19943783
19943784
19943785
19943786
19943787
19943788
19943789
19943790
19943791
19943792
19943793
19943794
19943795
19943796
19943797
19943798
19943799
19943800
19943801
19943802
19943803
19943804
19943805
19943806
19943807
19943808
19943809
19943810
19943811
19943812
19943813
19943814
19943815
19943816
19943817
19943818
19943819
19943820
19943821
19943822
19943823
19943824
19943825
19943826
19943827
19943828
19943829
19943830
19943831
19943832
19943833
19943834
19943835
19943836
19943837
19943838
19943839
19943840
19943841
19943842
19943843
19943844
19943845
19943846
19943847
19943848
19943849
19943850
19943851
19943852
19943853
19943854
19943855
19943856
19943857
19943858
19943859
19943860
19943861
19943862
19943863
19943864
19943865
19943866
19943867
19943868
19943869
19943870
19943871
19943872
19943873
19943874
19943875
19943876
19943877
19943878
19943879
19943880
19943881
19943882
19943883
19943884
19943885
19943886
19943887
19943888
19943889
19943890
19943891
19943892
19943893
19943894
19943895
19943896
19943897
19943898
19943899
19943900
19943901
19943902
19943903
19943904
19943905
19943906
19943907
19943908
19943909
19943910
19943911
19943912
19943913
19943914
19943915
19943916
19943917
19943918
19943919
19943920
19943921
19943922
19943923
19943924
19943925
19943926
19943927
19943928
19943929
19943930
19943931
19943932
19943933
19943934
19943935
19943936
19943937
19943938
19943939
19943940
19943941
19943942
19943943
19943944
19943945
19943946
19943947
19943948
19943949
19943950
19943951
19943952
19943953
19943954
19943955
19943956
19943957
19943958
19943959
19943960
19943961
19943962
19943963
19943964
19943965
19943966
19943967
19943968
19943969
19943970
19943971
19943972
19943973
19943974
19943975
19943976
19943977
19943978
19943979
19943980
19943981
19943982
19943983
19943984
19943985
19943986
19943987
19943988
19943989
19943990
19943991
19943992
19943993
19943994
19943995
19943996
19943997
19943998
19943999
19944000
19944001
19944002
19944003
19944004
19944005
19944006
19944007
19944008
19944009
19944010
19944011
19944012
19944013
19944014
19944015
19944016
19944017
19944018
19944019
19944020
19944021
19944022
19944023
19944024
19944025
19944026
19944027
19944028
19944029
19944030
19944031
19944032
19944033
19944034
19944035
19944036
19944037
19944038
19944039
19944040
19944041
19944042
19944043
19944044
19944045
19944046
19944047
19944048
19944049
19944050
19944051
19944052
19944053
19944054
19944055
19944056
19944057
19944058
19944059
19944060
19944061
19944062
19944063
19944064
19944065
19944066
19944067
19944068
19944069
19944070
19944071
19944072
19944073
19944074
19944075
19944076
19944077
19944078
19944079
19944080
19944081
19944082
19944083
19944084
19944085
19944086
19944087
19944088
19944089
19944090
19944091
19944092
19944093
19944094
19944095
19944096
19944097
19944098
19944099
19944100
19944101
19944102
19944103
19944104
19944105
19944106
19944107
19944108
19944109
19944110
19944111
19944112
19944113
19944114
19944115
19944116
19944117
19944118
19944119
19944120
19944121
19944122
19944123
19944124
19944125
19944126
19944127
19944128
19944129
19944130
19944131
19944132
19944133
19944134
19944135
19944136
19944137
19944138
19944139
19944140
19944141
19944142
19944143
19944144
19944145
19944146
19944147
19944148
19944149
19944150
19944151
19944152
19944153
19944154
19944155
19944156
19944157
19944158
19944159
19944160
19944161
19944162
19944163
19944164
19944165
19944166
19944167
19944168
19944169
19944170
19944171
19944172
19944173
19944174
19944175
19944176
19944177
19944178
19944179
19944180
19944181
19944182
19944183
19944184
19944185
19944186
19944187
19944188
19944189
19944190
19944191
19944192
19944193
19944194
19944195
19944196
19944197
19944198
19944199
19944200
19944201
19944202
19944203
19944204
19944205
19944206
19944207
19944208
19944209
19944210
19944211
19944212
19944213
19944214
19944215
19944216
19944217
19944218
19944219
19944220
19944221
19944222
19944223
19944224
19944225
19944226
19944227
19944228
19944229
19944230
19944231
19944232
19944233
19944234
19944235
19944236
19944237
19944238
19944239
19944240
19944241
19944242
19944243
19944244
19944245
19944246
19944247
19944248
19944249
19944250
19944251
19944252
19944253
19944254
19944255
19944256
19944257
19944258
19944259
19944260
19944261
19944262
19944263
19944264
19944265
19944266
19944267
19944268
19944269
19944270
19944271
19944272
19944273
19944274
19944275
19944276
19944277
19944278
19944279
19944280
19944281
19944282
19944283
19944284
19944285
19944286
19944287
19944288
19944289
19944290
19944291
19944292
19944293
19944294
19944295
19944296
19944297
19944298
19944299
19944300
19944301
19944302
19944303
19944304
19944305
19944306
19944307
19944308
19944309
19944310
19944311
19944312
19944313
19944314
19944315
19944316
19944317
19944318
19944319
19944320
19944321
19944322
19944323
19944324
19944325
19944326
19944327
19944328
19944329
19944330
19944331
19944332
19944333
19944334
19944335
19944336
19944337
19944338
19944339
19944340
19944341
19944342
19944343
19944344
19944345
19944346
19944347
19944348
19944349
19944350
19944351
19944352
19944353
19944354
19944355
19944356
19944357
19944358
19944359
19944360
19944361
19944362
19944363
19944364
19944365
19944366
19944367
19944368
19944369
19944370
19944371
19944372
19944373
19944374
19944375
19944376
19944377
19944378
19944379
19944380
19944381
19944382
19944383
19944384
19944385
19944386
19944387
19944388
19944389
19944390
19944391
19944392
19944393
19944394
19944395
19944396
19944397
19944398
19944399
19944400
19944401
19944402
19944403
19944404
19944405
19944406
19944407
19944408
19944409
19944410
19944411
19944412
19944413
19944414
19944415
19944416
19944417
19944418
19944419
19944420
19944421
19944422
19944423
19944424
19944425
19944426
19944427
19944428
19944429
19944430
19944431
19944432
19944433
19944434
19944435
19944436
19944437
19944438
19944439
19944440
19944441
19944442
19944443
19944444
19944445
19944446
19944447
19944448
19944449
19944450
19944451
19944452
19944453
19944454
19944455
19944456
19944457
19944458
19944459
19944460
19944461
19944462
19944463
19944464
19944465
19944466
19944467
19944468
19944469
19944470
19944471
19944472
19944473
19944474
19944475
19944476
19944477
19944478
19944479
19944480
19944481
19944482
19944483
19944484
19944485
19944486
19944487
19944488
19944489
19944490
19944491
19944492
19944493
19944494
19944495
19944496
19944497
19944498
19944499
19944500
19944501
19944502
19944503
19944504
19944505
19944506
19944507
19944508
19944509
19944510
19944511
19944512
19944513
19944514
19944515
19944516
19944517
19944518
19944519
19944520
19944521
19944522
19944523
19944524
19944525
19944526
19944527
19944528
19944529
19944530
19944531
19944532
19944533
19944534
19944535
19944536
19944537
19944538
19944539
19944540
19944541
19944542
19944543
19944544
19944545
19944546
19944547
19944548
19944549
19944550
19944551
19944552
19944553
19944554
19944555
19944556
19944557
19944558
19944559
19944560
19944561
19944562
19944563
19944564
19944565
19944566
19944567
19944568
19944569
19944570
19944571
19944572
19944573
19944574
19944575
19944576
19944577
19944578
19944579
19944580
19944581
19944582
19944583
19944584
19944585
19944586
19944587
19944588
19944589
19944590
19944591
19944592
19944593
19944594
19944595
19944596
19944597
19944598
19944599
19944600
19944601
19944602
19944603
19944604
19944605
19944606
19944607
19944608
19944609
19944610
19944611
19944612
19944613
19944614
19944615
19944616
19944617
19944618
19944619
19944620
19944621
19944622
19944623
19944624
19944625
19944626
19944627
19944628
19944629
19944630
19944631
19944632
19944633
19944634
19944635
19944636
19944637
19944638
19944639
19944640
19944641
19944642
19944643
19944644
19944645
19944646
19944647
19944648
19944649
19944650
19944651
19944652
19944653
19944654
19944655
19944656
19944657
19944658
19944659
19944660
19944661
19944662
19944663
19944664
19944665
19944666
19944667
19944668
19944669
19944670
19944671
19944672
19944673
19944674
19944675
19944676
19944677
19944678
19944679
19944680
19944681
19944682
19944683
19944684
19944685
19944686
19944687
19944688
19944689
19944690
19944691
19944692
19944693
19944694
19944695
19944696
19944697
19944698
19944699
19944700
19944701
19944702
19944703
19944704
19944705
19944706
19944707
19944708
19944709
19944710
19944711
19944712
19944713
19944714
19944715
19944716
19944717
19944718
19944719
19944720
19944721
19944722
19944723
19944724
19944725
19944726
19944727
19944728
19944729
19944730
19944731
19944732
19944733
19944734
19944735
19944736
19944737
19944738
19944739
19944740
19944741
19944742
19944743
19944744
19944745
19944746
19944747
19944748
19944749
19944750
19944751
19944752
19944753
19944754
19944755
19944756
19944757
19944758
19944759
19944760
19944761
19944762
19944763
19944764
19944765
19944766
19944767
19944768
19944769
19944770
19944771
19944772
19944773
19944774
19944775
19944776
19944777
19944778
19944779
19944780
19944781
19944782
19944783
19944784
19944785
19944786
19944787
19944788
19944789
19944790
19944791
19944792
19944793
19944794
19944795
19944796
19944797
19944798
19944799
19944800
19944801
19944802
19944803
19944804
19944805
19944806
19944807
19944808
19944809
19944810
19944811
19944812
19944813
19944814
19944815
19944816
19944817
19944818
19944819
19944820
19944821
19944822
19944823
19944824
19944825
19944826
19944827
19944828
19944829
19944830
19944831
19944832
19944833
19944834
19944835
19944836
19944837
19944838
19944839
19944840
19944841
19944842
19944843
19944844
19944845
19944846
19944847
19944848
19944849
19944850
19944851
19944852
19944853
19944854
19944855
19944856
19944857
19944858
19944859
19944860
19944861
19944862
19944863
19944864
19944865
19944866
19944867
19944868
19944869
19944870
19944871
19944872
19944873
19944874
19944875
19944876
19944877
19944878
19944879
19944880
19944881
19944882
19944883
19944884
19944885
19944886
19944887
19944888
19944889
19944890
19944891
19944892
19944893
19944894
19944895
19944896
19944897
19944898
19944899
19944900
19944901
19944902
19944903
19944904
19944905
19944906
19944907
19944908
19944909
19944910
19944911
19944912
19944913
19944914
19944915
19944916
19944917
19944918
19944919
19944920
19944921
19944922
19944923
19944924
19944925
19944926
19944927
19944928
19944929
19944930
19944931
19944932
19944933
19944934
19944935
19944936
19944937
19944938
19944939
19944940
19944941
19944942
19944943
19944944
19944945
19944946
19944947
19944948
19944949
19944950
19944951
19944952
19944953
19944954
19944955
19944956
19944957
19944958
19944959
19944960
19944961
19944962
19944963
19944964
19944965
19944966
19944967
19944968
19944969
19944970
19944971
19944972
19944973
19944974
19944975
19944976
19944977
19944978
19944979
19944980
19944981
19944982
19944983
19944984
19944985
19944986
19944987
19944988
19944989
19944990
19944991
19944992
19944993
19944994
19944995
19944996
19944997
19944998
19944999
19945000
19945001
19945002
19945003
19945004
19945005
19945006
19945007
19945008
19945009
19945010
19945011
19945012
19945013
19945014
19945015
19945016
19945017
19945018
19945019
19945020
19945021
19945022
19945023
19945024
19945025
19945026
19945027
19945028
19945029
19945030
19945031
19945032
19945033
19945034
19945035
19945036
19945037
19945038
19945039
19945040
19945041
19945042
19945043
19945044
19945045
19945046
19945047
19945048
19945049
19945050
19945051
19945052
19945053
19945054
19945055
19945056
19945057
19945058
19945059
19945060
19945061
19945062
19945063
19945064
19945065
19945066
19945067
19945068
19945069
19945070
19945071
19945072
19945073
19945074
19945075
19945076
19945077
19945078
19945079
19945080
19945081
19945082
19945083
19945084
19945085
19945086
19945087
19945088
19945089
19945090
19945091
19945092
19945093
19945094
19945095
19945096
19945097
19945098
19945099
19945100
19945101
19945102
19945103
19945104
19945105
19945106
19945107
19945108
19945109
19945110
19945111
19945112
19945113
19945114
19945115
19945116
19945117
19945118
19945119
19945120
19945121
19945122
19945123
19945124
19945125
19945126
19945127
19945128
19945129
19945130
19945131
19945132
19945133
19945134
19945135
19945136
19945137
19945138
19945139
19945140
19945141
19945142
19945143
19945144
19945145
19945146
19945147
19945148
19945149
19945150
19945151
19945152
19945153
19945154
19945155
19945156
19945157
19945158
19945159
19945160
19945161
19945162
19945163
19945164
19945165
19945166
19945167
19945168
19945169
19945170
19945171
19945172
19945173
19945174
19945175
19945176
19945177
19945178
19945179
19945180
19945181
19945182
19945183
19945184
19945185
19945186
19945187
19945188
19945189
19945190
19945191
19945192
19945193
19945194
19945195
19945196
19945197
19945198
19945199
19945200
19945201
19945202
19945203
19945204
19945205
19945206
19945207
19945208
19945209
19945210
19945211
19945212
19945213
19945214
19945215
19945216
19945217
19945218
19945219
19945220
19945221
19945222
19945223
19945224
19945225
19945226
19945227
19945228
19945229
19945230
19945231
19945232
19945233
19945234
19945235
19945236
19945237
19945238
19945239
19945240
19945241
19945242
19945243
19945244
19945245
19945246
19945247
19945248
19945249
19945250
19945251
19945252
19945253
19945254
19945255
19945256
19945257
19945258
19945259
19945260
19945261
19945262
19945263
19945264
19945265
19945266
19945267
19945268
19945269
19945270
19945271
19945272
19945273
19945274
19945275
19945276
19945277
19945278
19945279
19945280
19945281
19945282
19945283
19945284
19945285
19945286
19945287
19945288
19945289
19945290
19945291
19945292
19945293
19945294
19945295
19945296
19945297
19945298
19945299
19945300
19945301
19945302
19945303
19945304
19945305
19945306
19945307
19945308
19945309
19945310
19945311
19945312
19945313
19945314
19945315
19945316
19945317
19945318
19945319
19945320
19945321
19945322
19945323
19945324
19945325
19945326
19945327
19945328
19945329
19945330
19945331
19945332
19945333
19945334
19945335
19945336
19945337
19945338
19945339
19945340
19945341
19945342
19945343
19945344
19945345
19945346
19945347
19945348
19945349
19945350
19945351
19945352
19945353
19945354
19945355
19945356
19945357
19945358
19945359
19945360
19945361
19945362
19945363
19945364
19945365
19945366
19945367
19945368
19945369
19945370
19945371
19945372
19945373
19945374
19945375
19945376
19945377
19945378
19945379
19945380
19945381
19945382
19945383
19945384
19945385
19945386
19945387
19945388
19945389
19945390
19945391
19945392
19945393
19945394
19945395
19945396
19945397
19945398
19945399
19945400
19945401
19945402
19945403
19945404
19945405
19945406
19945407
19945408
19945409
19945410
19945411
19945412
19945413
19945414
19945415
19945416
19945417
19945418
19945419
19945420
19945421
19945422
19945423
19945424
19945425
19945426
19945427
19945428
19945429
19945430
19945431
19945432
19945433
19945434
19945435
19945436
19945437
19945438
19945439
19945440
19945441
19945442
19945443
19945444
19945445
19945446
19945447
19945448
19945449
19945450
19945451
19945452
19945453
19945454
19945455
19945456
19945457
19945458
19945459
19945460
19945461
19945462
19945463
19945464
19945465
19945466
19945467
19945468
19945469
19945470
19945471
19945472
19945473
19945474
19945475
19945476
19945477
19945478
19945479
19945480
19945481
19945482
19945483
19945484
19945485
19945486
19945487
19945488
19945489
19945490
19945491
19945492
19945493
19945494
19945495
19945496
19945497
19945498
19945499
19945500
19945501
19945502
19945503
19945504
19945505
19945506
19945507
19945508
19945509
19945510
19945511
19945512
19945513
19945514
19945515
19945516
19945517
19945518
19945519
19945520
19945521
19945522
19945523
19945524
19945525
19945526
19945527
19945528
19945529
19945530
19945531
19945532
19945533
19945534
19945535
19945536
19945537
19945538
19945539
19945540
19945541
19945542
19945543
19945544
19945545
19945546
19945547
19945548
19945549
19945550
19945551
19945552
19945553
19945554
19945555
19945556
19945557
19945558
19945559
19945560
19945561
19945562
19945563
19945564
19945565
19945566
19945567
19945568
19945569
19945570
19945571
19945572
19945573
19945574
19945575
19945576
19945577
19945578
19945579
19945580
19945581
19945582
19945583
19945584
19945585
19945586
19945587
19945588
19945589
19945590
19945591
19945592
19945593
19945594
19945595
19945596
19945597
19945598
19945599
19945600
19945601
19945602
19945603
19945604
19945605
19945606
19945607
19945608
19945609
19945610
19945611
19945612
19945613
19945614
19945615
19945616
19945617
19945618
19945619
19945620
19945621
19945622
19945623
19945624
19945625
19945626
19945627
19945628
19945629
19945630
19945631
19945632
19945633
19945634
19945635
19945636
19945637
19945638
19945639
19945640
19945641
19945642
19945643
19945644
19945645
19945646
19945647
19945648
19945649
19945650
19945651
19945652
19945653
19945654
19945655
19945656
19945657
19945658
19945659
19945660
19945661
19945662
19945663
19945664
19945665
19945666
19945667
19945668
19945669
19945670
19945671
19945672
19945673
19945674
19945675
19945676
19945677
19945678
19945679
19945680
19945681
19945682
19945683
19945684
19945685
19945686
19945687
19945688
19945689
19945690
19945691
19945692
19945693
19945694
19945695
19945696
19945697
19945698
19945699
19945700
19945701
19945702
19945703
19945704
19945705
19945706
19945707
19945708
19945709
19945710
19945711
19945712
19945713
19945714
19945715
19945716
19945717
19945718
19945719
19945720
19945721
19945722
19945723
19945724
19945725
19945726
19945727
19945728
19945729
19945730
19945731
19945732
19945733
19945734
19945735
19945736
19945737
19945738
19945739
19945740
19945741
19945742
19945743
19945744
19945745
19945746
19945747
19945748
19945749
19945750
19945751
19945752
19945753
19945754
19945755
19945756
19945757
19945758
19945759
19945760
19945761
19945762
19945763
19945764
19945765
19945766
19945767
19945768
19945769
19945770
19945771
19945772
19945773
19945774
19945775
19945776
19945777
19945778
19945779
19945780
19945781
19945782
19945783
19945784
19945785
19945786
19945787
19945788
19945789
19945790
19945791
19945792
19945793
19945794
19945795
19945796
19945797
19945798
19945799
19945800
19945801
19945802
19945803
19945804
19945805
19945806
19945807
19945808
19945809
19945810
19945811
19945812
19945813
19945814
19945815
19945816
19945817
19945818
19945819
19945820
19945821
19945822
19945823
19945824
19945825
19945826
19945827
19945828
19945829
19945830
19945831
19945832
19945833
19945834
19945835
19945836
19945837
19945838
19945839
19945840
19945841
19945842
19945843
19945844
19945845
19945846
19945847
19945848
19945849
19945850
19945851
19945852
19945853
19945854
19945855
19945856
19945857
19945858
19945859
19945860
19945861
19945862
19945863
19945864
19945865
19945866
19945867
19945868
19945869
19945870
19945871
19945872
19945873
19945874
19945875
19945876
19945877
19945878
19945879
19945880
19945881
19945882
19945883
19945884
19945885
19945886
19945887
19945888
19945889
19945890
19945891
19945892
19945893
19945894
19945895
19945896
19945897
19945898
19945899
19945900
19945901
19945902
19945903
19945904
19945905
19945906
19945907
19945908
19945909
19945910
19945911
19945912
19945913
19945914
19945915
19945916
19945917
19945918
19945919
19945920
19945921
19945922
19945923
19945924
19945925
19945926
19945927
19945928
19945929
19945930
19945931
19945932
19945933
19945934
19945935
19945936
19945937
19945938
19945939
19945940
19945941
19945942
19945943
19945944
19945945
19945946
19945947
19945948
19945949
19945950
19945951
19945952
19945953
19945954
19945955
19945956
19945957
19945958
19945959
19945960
19945961
19945962
19945963
19945964
19945965
19945966
19945967
19945968
19945969
19945970
19945971
19945972
19945973
19945974
19945975
19945976
19945977
19945978
19945979
19945980
19945981
19945982
19945983
19945984
19945985
19945986
19945987
19945988
19945989
19945990
19945991
19945992
19945993
19945994
19945995
19945996
19945997
19945998
19945999
19946000
19946001
19946002
19946003
19946004
19946005
19946006
19946007
19946008
19946009
19946010
19946011
19946012
19946013
19946014
19946015
19946016
19946017
19946018
19946019
19946020
19946021
19946022
19946023
19946024
19946025
19946026
19946027
19946028
19946029
19946030
19946031
19946032
19946033
19946034
19946035
19946036
19946037
19946038
19946039
19946040
19946041
19946042
19946043
19946044
19946045
19946046
19946047
19946048
19946049
19946050
19946051
19946052
19946053
19946054
19946055
19946056
19946057
19946058
19946059
19946060
19946061
19946062
19946063
19946064
19946065
19946066
19946067
19946068
19946069
19946070
19946071
19946072
19946073
19946074
19946075
19946076
19946077
19946078
19946079
19946080
19946081
19946082
19946083
19946084
19946085
19946086
19946087
19946088
19946089
19946090
19946091
19946092
19946093
19946094
19946095
19946096
19946097
19946098
19946099
19946100
19946101
19946102
19946103
19946104
19946105
19946106
19946107
19946108
19946109
19946110
19946111
19946112
19946113
19946114
19946115
19946116
19946117
19946118
19946119
19946120
19946121
19946122
19946123
19946124
19946125
19946126
19946127
19946128
19946129
19946130
19946131
19946132
19946133
19946134
19946135
19946136
19946137
19946138
19946139
19946140
19946141
19946142
19946143
19946144
19946145
19946146
19946147
19946148
19946149
19946150
19946151
19946152
19946153
19946154
19946155
19946156
19946157
19946158
19946159
19946160
19946161
19946162
19946163
19946164
19946165
19946166
19946167
19946168
19946169
19946170
19946171
19946172
19946173
19946174
19946175
19946176
19946177
19946178
19946179
19946180
19946181
19946182
19946183
19946184
19946185
19946186
19946187
19946188
19946189
19946190
19946191
19946192
19946193
19946194
19946195
19946196
19946197
19946198
19946199
19946200
19946201
19946202
19946203
19946204
19946205
19946206
19946207
19946208
19946209
19946210
19946211
19946212
19946213
19946214
19946215
19946216
19946217
19946218
19946219
19946220
19946221
19946222
19946223
19946224
19946225
19946226
19946227
19946228
19946229
19946230
19946231
19946232
19946233
19946234
19946235
19946236
19946237
19946238
19946239
19946240
19946241
19946242
19946243
19946244
19946245
19946246
19946247
19946248
19946249
19946250
19946251
19946252
19946253
19946254
19946255
19946256
19946257
19946258
19946259
19946260
19946261
19946262
19946263
19946264
19946265
19946266
19946267
19946268
19946269
19946270
19946271
19946272
19946273
19946274
19946275
19946276
19946277
19946278
19946279
19946280
19946281
19946282
19946283
19946284
19946285
19946286
19946287
19946288
19946289
19946290
19946291
19946292
19946293
19946294
19946295
19946296
19946297
19946298
19946299
19946300
19946301
19946302
19946303
19946304
19946305
19946306
19946307
19946308
19946309
19946310
19946311
19946312
19946313
19946314
19946315
19946316
19946317
19946318
19946319
19946320
19946321
19946322
19946323
19946324
19946325
19946326
19946327
19946328
19946329
19946330
19946331
19946332
19946333
19946334
19946335
19946336
19946337
19946338
19946339
19946340
19946341
19946342
19946343
19946344
19946345
19946346
19946347
19946348
19946349
19946350
19946351
19946352
19946353
19946354
19946355
19946356
19946357
19946358
19946359
19946360
19946361
19946362
19946363
19946364
19946365
19946366
19946367
19946368
19946369
19946370
19946371
19946372
19946373
19946374
19946375
19946376
19946377
19946378
19946379
19946380
19946381
19946382
19946383
19946384
19946385
19946386
19946387
19946388
19946389
19946390
19946391
19946392
19946393
19946394
19946395
19946396
19946397
19946398
19946399
19946400
19946401
19946402
19946403
19946404
19946405
19946406
19946407
19946408
19946409
19946410
19946411
19946412
19946413
19946414
19946415
19946416
19946417
19946418
19946419
19946420
19946421
19946422
19946423
19946424
19946425
19946426
19946427
19946428
19946429
19946430
19946431
19946432
19946433
19946434
19946435
19946436
19946437
19946438
19946439
19946440
19946441
19946442
19946443
19946444
19946445
19946446
19946447
19946448
19946449
19946450
19946451
19946452
19946453
19946454
19946455
19946456
19946457
19946458
19946459
19946460
19946461
19946462
19946463
19946464
19946465
19946466
19946467
19946468
19946469
19946470
19946471
19946472
19946473
19946474
19946475
19946476
19946477
19946478
19946479
19946480
19946481
19946482
19946483
19946484
19946485
19946486
19946487
19946488
19946489
19946490
19946491
19946492
19946493
19946494
19946495
19946496
19946497
19946498
19946499
19946500
19946501
19946502
19946503
19946504
19946505
19946506
19946507
19946508
19946509
19946510
19946511
19946512
19946513
19946514
19946515
19946516
19946517
19946518
19946519
19946520
19946521
19946522
19946523
19946524
19946525
19946526
19946527
19946528
19946529
19946530
19946531
19946532
19946533
19946534
19946535
19946536
19946537
19946538
19946539
19946540
19946541
19946542
19946543
19946544
19946545
19946546
19946547
19946548
19946549
19946550
19946551
19946552
19946553
19946554
19946555
19946556
19946557
19946558
19946559
19946560
19946561
19946562
19946563
19946564
19946565
19946566
19946567
19946568
19946569
19946570
19946571
19946572
19946573
19946574
19946575
19946576
19946577
19946578
19946579
19946580
19946581
19946582
19946583
19946584
19946585
19946586
19946587
19946588
19946589
19946590
19946591
19946592
19946593
19946594
19946595
19946596
19946597
19946598
19946599
19946600
19946601
19946602
19946603
19946604
19946605
19946606
19946607
19946608
19946609
19946610
19946611
19946612
19946613
19946614
19946615
19946616
19946617
19946618
19946619
19946620
19946621
19946622
19946623
19946624
19946625
19946626
19946627
19946628
19946629
19946630
19946631
19946632
19946633
19946634
19946635
19946636
19946637
19946638
19946639
19946640
19946641
19946642
19946643
19946644
19946645
19946646
19946647
19946648
19946649
19946650
19946651
19946652
19946653
19946654
19946655
19946656
19946657
19946658
19946659
19946660
19946661
19946662
19946663
19946664
19946665
19946666
19946667
19946668
19946669
19946670
19946671
19946672
19946673
19946674
19946675
19946676
19946677
19946678
19946679
19946680
19946681
19946682
19946683
19946684
19946685
19946686
19946687
19946688
19946689
19946690
19946691
19946692
19946693
19946694
19946695
19946696
19946697
19946698
19946699
19946700
19946701
19946702
19946703
19946704
19946705
19946706
19946707
19946708
19946709
19946710
19946711
19946712
19946713
19946714
19946715
19946716
19946717
19946718
19946719
19946720
19946721
19946722
19946723
19946724
19946725
19946726
19946727
19946728
19946729
19946730
19946731
19946732
19946733
19946734
19946735
19946736
19946737
19946738
19946739
19946740
19946741
19946742
19946743
19946744
19946745
19946746
19946747
19946748
19946749
19946750
19946751
19946752
19946753
19946754
19946755
19946756
19946757
19946758
19946759
19946760
19946761
19946762
19946763
19946764
19946765
19946766
19946767
19946768
19946769
19946770
19946771
19946772
19946773
19946774
19946775
19946776
19946777
19946778
19946779
19946780
19946781
19946782
19946783
19946784
19946785
19946786
19946787
19946788
19946789
19946790
19946791
19946792
19946793
19946794
19946795
19946796
19946797
19946798
19946799
19946800
19946801
19946802
19946803
19946804
19946805
19946806
19946807
19946808
19946809
19946810
19946811
19946812
19946813
19946814
19946815
19946816
19946817
19946818
19946819
19946820
19946821
19946822
19946823
19946824
19946825
19946826
19946827
19946828
19946829
19946830
19946831
19946832
19946833
19946834
19946835
19946836
19946837
19946838
19946839
19946840
19946841
19946842
19946843
19946844
19946845
19946846
19946847
19946848
19946849
19946850
19946851
19946852
19946853
19946854
19946855
19946856
19946857
19946858
19946859
19946860
19946861
19946862
19946863
19946864
19946865
19946866
19946867
19946868
19946869
19946870
19946871
19946872
19946873
19946874
19946875
19946876
19946877
19946878
19946879
19946880
19946881
19946882
19946883
19946884
19946885
19946886
19946887
19946888
19946889
19946890
19946891
19946892
19946893
19946894
19946895
19946896
19946897
19946898
19946899
19946900
19946901
19946902
19946903
19946904
19946905
19946906
19946907
19946908
19946909
19946910
19946911
19946912
19946913
19946914
19946915
19946916
19946917
19946918
19946919
19946920
19946921
19946922
19946923
19946924
19946925
19946926
19946927
19946928
19946929
19946930
19946931
19946932
19946933
19946934
19946935
19946936
19946937
19946938
19946939
19946940
19946941
19946942
19946943
19946944
19946945
19946946
19946947
19946948
19946949
19946950
19946951
19946952
19946953
19946954
19946955
19946956
19946957
19946958
19946959
19946960
19946961
19946962
19946963
19946964
19946965
19946966
19946967
19946968
19946969
19946970
19946971
19946972
19946973
19946974
19946975
19946976
19946977
19946978
19946979
19946980
19946981
19946982
19946983
19946984
19946985
19946986
19946987
19946988
19946989
19946990
19946991
19946992
19946993
19946994
19946995
19946996
19946997
19946998
19946999
19947000
19947001
19947002
19947003
19947004
19947005
19947006
19947007
19947008
19947009
19947010
19947011
19947012
19947013
19947014
19947015
19947016
19947017
19947018
19947019
19947020
19947021
19947022
19947023
19947024
19947025
19947026
19947027
19947028
19947029
19947030
19947031
19947032
19947033
19947034
19947035
19947036
19947037
19947038
19947039
19947040
19947041
19947042
19947043
19947044
19947045
19947046
19947047
19947048
19947049
19947050
19947051
19947052
19947053
19947054
19947055
19947056
19947057
19947058
19947059
19947060
19947061
19947062
19947063
19947064
19947065
19947066
19947067
19947068
19947069
19947070
19947071
19947072
19947073
19947074
19947075
19947076
19947077
19947078
19947079
19947080
19947081
19947082
19947083
19947084
19947085
19947086
19947087
19947088
19947089
19947090
19947091
19947092
19947093
19947094
19947095
19947096
19947097
19947098
19947099
19947100
19947101
19947102
19947103
19947104
19947105
19947106
19947107
19947108
19947109
19947110
19947111
19947112
19947113
19947114
19947115
19947116
19947117
19947118
19947119
19947120
19947121
19947122
19947123
19947124
19947125
19947126
19947127
19947128
19947129
19947130
19947131
19947132
19947133
19947134
19947135
19947136
19947137
19947138
19947139
19947140
19947141
19947142
19947143
19947144
19947145
19947146
19947147
19947148
19947149
19947150
19947151
19947152
19947153
19947154
19947155
19947156
19947157
19947158
19947159
19947160
19947161
19947162
19947163
19947164
19947165
19947166
19947167
19947168
19947169
19947170
19947171
19947172
19947173
19947174
19947175
19947176
19947177
19947178
19947179
19947180
19947181
19947182
19947183
19947184
19947185
19947186
19947187
19947188
19947189
19947190
19947191
19947192
19947193
19947194
19947195
19947196
19947197
19947198
19947199
19947200
19947201
19947202
19947203
19947204
19947205
19947206
19947207
19947208
19947209
19947210
19947211
19947212
19947213
19947214
19947215
19947216
19947217
19947218
19947219
19947220
19947221
19947222
19947223
19947224
19947225
19947226
19947227
19947228
19947229
19947230
19947231
19947232
19947233
19947234
19947235
19947236
19947237
19947238
19947239
19947240
19947241
19947242
19947243
19947244
19947245
19947246
19947247
19947248
19947249
19947250
19947251
19947252
19947253
19947254
19947255
19947256
19947257
19947258
19947259
19947260
19947261
19947262
19947263
19947264
19947265
19947266
19947267
19947268
19947269
19947270
19947271
19947272
19947273
19947274
19947275
19947276
19947277
19947278
19947279
19947280
19947281
19947282
19947283
19947284
19947285
19947286
19947287
19947288
19947289
19947290
19947291
19947292
19947293
19947294
19947295
19947296
19947297
19947298
19947299
19947300
19947301
19947302
19947303
19947304
19947305
19947306
19947307
19947308
19947309
19947310
19947311
19947312
19947313
19947314
19947315
19947316
19947317
19947318
19947319
19947320
19947321
19947322
19947323
19947324
19947325
19947326
19947327
19947328
19947329
19947330
19947331
19947332
19947333
19947334
19947335
19947336
19947337
19947338
19947339
19947340
19947341
19947342
19947343
19947344
19947345
19947346
19947347
19947348
19947349
19947350
19947351
19947352
19947353
19947354
19947355
19947356
19947357
19947358
19947359
19947360
19947361
19947362
19947363
19947364
19947365
19947366
19947367
19947368
19947369
19947370
19947371
19947372
19947373
19947374
19947375
19947376
19947377
19947378
19947379
19947380
19947381
19947382
19947383
19947384
19947385
19947386
19947387
19947388
19947389
19947390
19947391
19947392
19947393
19947394
19947395
19947396
19947397
19947398
19947399
19947400
19947401
19947402
19947403
19947404
19947405
19947406
19947407
19947408
19947409
19947410
19947411
19947412
19947413
19947414
19947415
19947416
19947417
19947418
19947419
19947420
19947421
19947422
19947423
19947424
19947425
19947426
19947427
19947428
19947429
19947430
19947431
19947432
19947433
19947434
19947435
19947436
19947437
19947438
19947439
19947440
19947441
19947442
19947443
19947444
19947445
19947446
19947447
19947448
19947449
19947450
19947451
19947452
19947453
19947454
19947455
19947456
19947457
19947458
19947459
19947460
19947461
19947462
19947463
19947464
19947465
19947466
19947467
19947468
19947469
19947470
19947471
19947472
19947473
19947474
19947475
19947476
19947477
19947478
19947479
19947480
19947481
19947482
19947483
19947484
19947485
19947486
19947487
19947488
19947489
19947490
19947491
19947492
19947493
19947494
19947495
19947496
19947497
19947498
19947499
19947500
19947501
19947502
19947503
19947504
19947505
19947506
19947507
19947508
19947509
19947510
19947511
19947512
19947513
19947514
19947515
19947516
19947517
19947518
19947519
19947520
19947521
19947522
19947523
19947524
19947525
19947526
19947527
19947528
19947529
19947530
19947531
19947532
19947533
19947534
19947535
19947536
19947537
19947538
19947539
19947540
19947541
19947542
19947543
19947544
19947545
19947546
19947547
19947548
19947549
19947550
19947551
19947552
19947553
19947554
19947555
19947556
19947557
19947558
19947559
19947560
19947561
19947562
19947563
19947564
19947565
19947566
19947567
19947568
19947569
19947570
19947571
19947572
19947573
19947574
19947575
19947576
19947577
19947578
19947579
19947580
19947581
19947582
19947583
19947584
19947585
19947586
19947587
19947588
19947589
19947590
19947591
19947592
19947593
19947594
19947595
19947596
19947597
19947598
19947599
19947600
19947601
19947602
19947603
19947604
19947605
19947606
19947607
19947608
19947609
19947610
19947611
19947612
19947613
19947614
19947615
19947616
19947617
19947618
19947619
19947620
19947621
19947622
19947623
19947624
19947625
19947626
19947627
19947628
19947629
19947630
19947631
19947632
19947633
19947634
19947635
19947636
19947637
19947638
19947639
19947640
19947641
19947642
19947643
19947644
19947645
19947646
19947647
19947648
19947649
19947650
19947651
19947652
19947653
19947654
19947655
19947656
19947657
19947658
19947659
19947660
19947661
19947662
19947663
19947664
19947665
19947666
19947667
19947668
19947669
19947670
19947671
19947672
19947673
19947674
19947675
19947676
19947677
19947678
19947679
19947680
19947681
19947682
19947683
19947684
19947685
19947686
19947687
19947688
19947689
19947690
19947691
19947692
19947693
19947694
19947695
19947696
19947697
19947698
19947699
19947700
19947701
19947702
19947703
19947704
19947705
19947706
19947707
19947708
19947709
19947710
19947711
19947712
19947713
19947714
19947715
19947716
19947717
19947718
19947719
19947720
19947721
19947722
19947723
19947724
19947725
19947726
19947727
19947728
19947729
19947730
19947731
19947732
19947733
19947734
19947735
19947736
19947737
19947738
19947739
19947740
19947741
19947742
19947743
19947744
19947745
19947746
19947747
19947748
19947749
19947750
19947751
19947752
19947753
19947754
19947755
19947756
19947757
19947758
19947759
19947760
19947761
19947762
19947763
19947764
19947765
19947766
19947767
19947768
19947769
19947770
19947771
19947772
19947773
19947774
19947775
19947776
19947777
19947778
19947779
19947780
19947781
19947782
19947783
19947784
19947785
19947786
19947787
19947788
19947789
19947790
19947791
19947792
19947793
19947794
19947795
19947796
19947797
19947798
19947799
19947800
19947801
19947802
19947803
19947804
19947805
19947806
19947807
19947808
19947809
19947810
19947811
19947812
19947813
19947814
19947815
19947816
19947817
19947818
19947819
19947820
19947821
19947822
19947823
19947824
19947825
19947826
19947827
19947828
19947829
19947830
19947831
19947832
19947833
19947834
19947835
19947836
19947837
19947838
19947839
19947840
19947841
19947842
19947843
19947844
19947845
19947846
19947847
19947848
19947849
19947850
19947851
19947852
19947853
19947854
19947855
19947856
19947857
19947858
19947859
19947860
19947861
19947862
19947863
19947864
19947865
19947866
19947867
19947868
19947869
19947870
19947871
19947872
19947873
19947874
19947875
19947876
19947877
19947878
19947879
19947880
19947881
19947882
19947883
19947884
19947885
19947886
19947887
19947888
19947889
19947890
19947891
19947892
19947893
19947894
19947895
19947896
19947897
19947898
19947899
19947900
19947901
19947902
19947903
19947904
19947905
19947906
19947907
19947908
19947909
19947910
19947911
19947912
19947913
19947914
19947915
19947916
19947917
19947918
19947919
19947920
19947921
19947922
19947923
19947924
19947925
19947926
19947927
19947928
19947929
19947930
19947931
19947932
19947933
19947934
19947935
19947936
19947937
19947938
19947939
19947940
19947941
19947942
19947943
19947944
19947945
19947946
19947947
19947948
19947949
19947950
19947951
19947952
19947953
19947954
19947955
19947956
19947957
19947958
19947959
19947960
19947961
19947962
19947963
19947964
19947965
19947966
19947967
19947968
19947969
19947970
19947971
19947972
19947973
19947974
19947975
19947976
19947977
19947978
19947979
19947980
19947981
19947982
19947983
19947984
19947985
19947986
19947987
19947988
19947989
19947990
19947991
19947992
19947993
19947994
19947995
19947996
19947997
19947998
19947999
19948000
19948001
19948002
19948003
19948004
19948005
19948006
19948007
19948008
19948009
19948010
19948011
19948012
19948013
19948014
19948015
19948016
19948017
19948018
19948019
19948020
19948021
19948022
19948023
19948024
19948025
19948026
19948027
19948028
19948029
19948030
19948031
19948032
19948033
19948034
19948035
19948036
19948037
19948038
19948039
19948040
19948041
19948042
19948043
19948044
19948045
19948046
19948047
19948048
19948049
19948050
19948051
19948052
19948053
19948054
19948055
19948056
19948057
19948058
19948059
19948060
19948061
19948062
19948063
19948064
19948065
19948066
19948067
19948068
19948069
19948070
19948071
19948072
19948073
19948074
19948075
19948076
19948077
19948078
19948079
19948080
19948081
19948082
19948083
19948084
19948085
19948086
19948087
19948088
19948089
19948090
19948091
19948092
19948093
19948094
19948095
19948096
19948097
19948098
19948099
19948100
19948101
19948102
19948103
19948104
19948105
19948106
19948107
19948108
19948109
19948110
19948111
19948112
19948113
19948114
19948115
19948116
19948117
19948118
19948119
19948120
19948121
19948122
19948123
19948124
19948125
19948126
19948127
19948128
19948129
19948130
19948131
19948132
19948133
19948134
19948135
19948136
19948137
19948138
19948139
19948140
19948141
19948142
19948143
19948144
19948145
19948146
19948147
19948148
19948149
19948150
19948151
19948152
19948153
19948154
19948155
19948156
19948157
19948158
19948159
19948160
19948161
19948162
19948163
19948164
19948165
19948166
19948167
19948168
19948169
19948170
19948171
19948172
19948173
19948174
19948175
19948176
19948177
19948178
19948179
19948180
19948181
19948182
19948183
19948184
19948185
19948186
19948187
19948188
19948189
19948190
19948191
19948192
19948193
19948194
19948195
19948196
19948197
19948198
19948199
19948200
19948201
19948202
19948203
19948204
19948205
19948206
19948207
19948208
19948209
19948210
19948211
19948212
19948213
19948214
19948215
19948216
19948217
19948218
19948219
19948220
19948221
19948222
19948223
19948224
19948225
19948226
19948227
19948228
19948229
19948230
19948231
19948232
19948233
19948234
19948235
19948236
19948237
19948238
19948239
19948240
19948241
19948242
19948243
19948244
19948245
19948246
19948247
19948248
19948249
19948250
19948251
19948252
19948253
19948254
19948255
19948256
19948257
19948258
19948259
19948260
19948261
19948262
19948263
19948264
19948265
19948266
19948267
19948268
19948269
19948270
19948271
19948272
19948273
19948274
19948275
19948276
19948277
19948278
19948279
19948280
19948281
19948282
19948283
19948284
19948285
19948286
19948287
19948288
19948289
19948290
19948291
19948292
19948293
19948294
19948295
19948296
19948297
19948298
19948299
19948300
19948301
19948302
19948303
19948304
19948305
19948306
19948307
19948308
19948309
19948310
19948311
19948312
19948313
19948314
19948315
19948316
19948317
19948318
19948319
19948320
19948321
19948322
19948323
19948324
19948325
19948326
19948327
19948328
19948329
19948330
19948331
19948332
19948333
19948334
19948335
19948336
19948337
19948338
19948339
19948340
19948341
19948342
19948343
19948344
19948345
19948346
19948347
19948348
19948349
19948350
19948351
19948352
19948353
19948354
19948355
19948356
19948357
19948358
19948359
19948360
19948361
19948362
19948363
19948364
19948365
19948366
19948367
19948368
19948369
19948370
19948371
19948372
19948373
19948374
19948375
19948376
19948377
19948378
19948379
19948380
19948381
19948382
19948383
19948384
19948385
19948386
19948387
19948388
19948389
19948390
19948391
19948392
19948393
19948394
19948395
19948396
19948397
19948398
19948399
19948400
19948401
19948402
19948403
19948404
19948405
19948406
19948407
19948408
19948409
19948410
19948411
19948412
19948413
19948414
19948415
19948416
19948417
19948418
19948419
19948420
19948421
19948422
19948423
19948424
19948425
19948426
19948427
19948428
19948429
19948430
19948431
19948432
19948433
19948434
19948435
19948436
19948437
19948438
19948439
19948440
19948441
19948442
19948443
19948444
19948445
19948446
19948447
19948448
19948449
19948450
19948451
19948452
19948453
19948454
19948455
19948456
19948457
19948458
19948459
19948460
19948461
19948462
19948463
19948464
19948465
19948466
19948467
19948468
19948469
19948470
19948471
19948472
19948473
19948474
19948475
19948476
19948477
19948478
19948479
19948480
19948481
19948482
19948483
19948484
19948485
19948486
19948487
19948488
19948489
19948490
19948491
19948492
19948493
19948494
19948495
19948496
19948497
19948498
19948499
19948500
19948501
19948502
19948503
19948504
19948505
19948506
19948507
19948508
19948509
19948510
19948511
19948512
19948513
19948514
19948515
19948516
19948517
19948518
19948519
19948520
19948521
19948522
19948523
19948524
19948525
19948526
19948527
19948528
19948529
19948530
19948531
19948532
19948533
19948534
19948535
19948536
19948537
19948538
19948539
19948540
19948541
19948542
19948543
19948544
19948545
19948546
19948547
19948548
19948549
19948550
19948551
19948552
19948553
19948554
19948555
19948556
19948557
19948558
19948559
19948560
19948561
19948562
19948563
19948564
19948565
19948566
19948567
19948568
19948569
19948570
19948571
19948572
19948573
19948574
19948575
19948576
19948577
19948578
19948579
19948580
19948581
19948582
19948583
19948584
19948585
19948586
19948587
19948588
19948589
19948590
19948591
19948592
19948593
19948594
19948595
19948596
19948597
19948598
19948599
19948600
19948601
19948602
19948603
19948604
19948605
19948606
19948607
19948608
19948609
19948610
19948611
19948612
19948613
19948614
19948615
19948616
19948617
19948618
19948619
19948620
19948621
19948622
19948623
19948624
19948625
19948626
19948627
19948628
19948629
19948630
19948631
19948632
19948633
19948634
19948635
19948636
19948637
19948638
19948639
19948640
19948641
19948642
19948643
19948644
19948645
19948646
19948647
19948648
19948649
19948650
19948651
19948652
19948653
19948654
19948655
19948656
19948657
19948658
19948659
19948660
19948661
19948662
19948663
19948664
19948665
19948666
19948667
19948668
19948669
19948670
19948671
19948672
19948673
19948674
19948675
19948676
19948677
19948678
19948679
19948680
19948681
19948682
19948683
19948684
19948685
19948686
19948687
19948688
19948689
19948690
19948691
19948692
19948693
19948694
19948695
19948696
19948697
19948698
19948699
19948700
19948701
19948702
19948703
19948704
19948705
19948706
19948707
19948708
19948709
19948710
19948711
19948712
19948713
19948714
19948715
19948716
19948717
19948718
19948719
19948720
19948721
19948722
19948723
19948724
19948725
19948726
19948727
19948728
19948729
19948730
19948731
19948732
19948733
19948734
19948735
19948736
19948737
19948738
19948739
19948740
19948741
19948742
19948743
19948744
19948745
19948746
19948747
19948748
19948749
19948750
19948751
19948752
19948753
19948754
19948755
19948756
19948757
19948758
19948759
19948760
19948761
19948762
19948763
19948764
19948765
19948766
19948767
19948768
19948769
19948770
19948771
19948772
19948773
19948774
19948775
19948776
19948777
19948778
19948779
19948780
19948781
19948782
19948783
19948784
19948785
19948786
19948787
19948788
19948789
19948790
19948791
19948792
19948793
19948794
19948795
19948796
19948797
19948798
19948799
19948800
19948801
19948802
19948803
19948804
19948805
19948806
19948807
19948808
19948809
19948810
19948811
19948812
19948813
19948814
19948815
19948816
19948817
19948818
19948819
19948820
19948821
19948822
19948823
19948824
19948825
19948826
19948827
19948828
19948829
19948830
19948831
19948832
19948833
19948834
19948835
19948836
19948837
19948838
19948839
19948840
19948841
19948842
19948843
19948844
19948845
19948846
19948847
19948848
19948849
19948850
19948851
19948852
19948853
19948854
19948855
19948856
19948857
19948858
19948859
19948860
19948861
19948862
19948863
19948864
19948865
19948866
19948867
19948868
19948869
19948870
19948871
19948872
19948873
19948874
19948875
19948876
19948877
19948878
19948879
19948880
19948881
19948882
19948883
19948884
19948885
19948886
19948887
19948888
19948889
19948890
19948891
19948892
19948893
19948894
19948895
19948896
19948897
19948898
19948899
19948900
19948901
19948902
19948903
19948904
19948905
19948906
19948907
19948908
19948909
19948910
19948911
19948912
19948913
19948914
19948915
19948916
19948917
19948918
19948919
19948920
19948921
19948922
19948923
19948924
19948925
19948926
19948927
19948928
19948929
19948930
19948931
19948932
19948933
19948934
19948935
19948936
19948937
19948938
19948939
19948940
19948941
19948942
19948943
19948944
19948945
19948946
19948947
19948948
19948949
19948950
19948951
19948952
19948953
19948954
19948955
19948956
19948957
19948958
19948959
19948960
19948961
19948962
19948963
19948964
19948965
19948966
19948967
19948968
19948969
19948970
19948971
19948972
19948973
19948974
19948975
19948976
19948977
19948978
19948979
19948980
19948981
19948982
19948983
19948984
19948985
19948986
19948987
19948988
19948989
19948990
19948991
19948992
19948993
19948994
19948995
19948996
19948997
19948998
19948999
19949000
19949001
19949002
19949003
19949004
19949005
19949006
19949007
19949008
19949009
19949010
19949011
19949012
19949013
19949014
19949015
19949016
19949017
19949018
19949019
19949020
19949021
19949022
19949023
19949024
19949025
19949026
19949027
19949028
19949029
19949030
19949031
19949032
19949033
19949034
19949035
19949036
19949037
19949038
19949039
19949040
19949041
19949042
19949043
19949044
19949045
19949046
19949047
19949048
19949049
19949050
19949051
19949052
19949053
19949054
19949055
19949056
19949057
19949058
19949059
19949060
19949061
19949062
19949063
19949064
19949065
19949066
19949067
19949068
19949069
19949070
19949071
19949072
19949073
19949074
19949075
19949076
19949077
19949078
19949079
19949080
19949081
19949082
19949083
19949084
19949085
19949086
19949087
19949088
19949089
19949090
19949091
19949092
19949093
19949094
19949095
19949096
19949097
19949098
19949099
19949100
19949101
19949102
19949103
19949104
19949105
19949106
19949107
19949108
19949109
19949110
19949111
19949112
19949113
19949114
19949115
19949116
19949117
19949118
19949119
19949120
19949121
19949122
19949123
19949124
19949125
19949126
19949127
19949128
19949129
19949130
19949131
19949132
19949133
19949134
19949135
19949136
19949137
19949138
19949139
19949140
19949141
19949142
19949143
19949144
19949145
19949146
19949147
19949148
19949149
19949150
19949151
19949152
19949153
19949154
19949155
19949156
19949157
19949158
19949159
19949160
19949161
19949162
19949163
19949164
19949165
19949166
19949167
19949168
19949169
19949170
19949171
19949172
19949173
19949174
19949175
19949176
19949177
19949178
19949179
19949180
19949181
19949182
19949183
19949184
19949185
19949186
19949187
19949188
19949189
19949190
19949191
19949192
19949193
19949194
19949195
19949196
19949197
19949198
19949199
19949200
19949201
19949202
19949203
19949204
19949205
19949206
19949207
19949208
19949209
19949210
19949211
19949212
19949213
19949214
19949215
19949216
19949217
19949218
19949219
19949220
19949221
19949222
19949223
19949224
19949225
19949226
19949227
19949228
19949229
19949230
19949231
19949232
19949233
19949234
19949235
19949236
19949237
19949238
19949239
19949240
19949241
19949242
19949243
19949244
19949245
19949246
19949247
19949248
19949249
19949250
19949251
19949252
19949253
19949254
19949255
19949256
19949257
19949258
19949259
19949260
19949261
19949262
19949263
19949264
19949265
19949266
19949267
19949268
19949269
19949270
19949271
19949272
19949273
19949274
19949275
19949276
19949277
19949278
19949279
19949280
19949281
19949282
19949283
19949284
19949285
19949286
19949287
19949288
19949289
19949290
19949291
19949292
19949293
19949294
19949295
19949296
19949297
19949298
19949299
19949300
19949301
19949302
19949303
19949304
19949305
19949306
19949307
19949308
19949309
19949310
19949311
19949312
19949313
19949314
19949315
19949316
19949317
19949318
19949319
19949320
19949321
19949322
19949323
19949324
19949325
19949326
19949327
19949328
19949329
19949330
19949331
19949332
19949333
19949334
19949335
19949336
19949337
19949338
19949339
19949340
19949341
19949342
19949343
19949344
19949345
19949346
19949347
19949348
19949349
19949350
19949351
19949352
19949353
19949354
19949355
19949356
19949357
19949358
19949359
19949360
19949361
19949362
19949363
19949364
19949365
19949366
19949367
19949368
19949369
19949370
19949371
19949372
19949373
19949374
19949375
19949376
19949377
19949378
19949379
19949380
19949381
19949382
19949383
19949384
19949385
19949386
19949387
19949388
19949389
19949390
19949391
19949392
19949393
19949394
19949395
19949396
19949397
19949398
19949399
19949400
19949401
19949402
19949403
19949404
19949405
19949406
19949407
19949408
19949409
19949410
19949411
19949412
19949413
19949414
19949415
19949416
19949417
19949418
19949419
19949420
19949421
19949422
19949423
19949424
19949425
19949426
19949427
19949428
19949429
19949430
19949431
19949432
19949433
19949434
19949435
19949436
19949437
19949438
19949439
19949440
19949441
19949442
19949443
19949444
19949445
19949446
19949447
19949448
19949449
19949450
19949451
19949452
19949453
19949454
19949455
19949456
19949457
19949458
19949459
19949460
19949461
19949462
19949463
19949464
19949465
19949466
19949467
19949468
19949469
19949470
19949471
19949472
19949473
19949474
19949475
19949476
19949477
19949478
19949479
19949480
19949481
19949482
19949483
19949484
19949485
19949486
19949487
19949488
19949489
19949490
19949491
19949492
19949493
19949494
19949495
19949496
19949497
19949498
19949499
19949500
19949501
19949502
19949503
19949504
19949505
19949506
19949507
19949508
19949509
19949510
19949511
19949512
19949513
19949514
19949515
19949516
19949517
19949518
19949519
19949520
19949521
19949522
19949523
19949524
19949525
19949526
19949527
19949528
19949529
19949530
19949531
19949532
19949533
19949534
19949535
19949536
19949537
19949538
19949539
19949540
19949541
19949542
19949543
19949544
19949545
19949546
19949547
19949548
19949549
19949550
19949551
19949552
19949553
19949554
19949555
19949556
19949557
19949558
19949559
19949560
19949561
19949562
19949563
19949564
19949565
19949566
19949567
19949568
19949569
19949570
19949571
19949572
19949573
19949574
19949575
19949576
19949577
19949578
19949579
19949580
19949581
19949582
19949583
19949584
19949585
19949586
19949587
19949588
19949589
19949590
19949591
19949592
19949593
19949594
19949595
19949596
19949597
19949598
19949599
19949600
19949601
19949602
19949603
19949604
19949605
19949606
19949607
19949608
19949609
19949610
19949611
19949612
19949613
19949614
19949615
19949616
19949617
19949618
19949619
19949620
19949621
19949622
19949623
19949624
19949625
19949626
19949627
19949628
19949629
19949630
19949631
19949632
19949633
19949634
19949635
19949636
19949637
19949638
19949639
19949640
19949641
19949642
19949643
19949644
19949645
19949646
19949647
19949648
19949649
19949650
19949651
19949652
19949653
19949654
19949655
19949656
19949657
19949658
19949659
19949660
19949661
19949662
19949663
19949664
19949665
19949666
19949667
19949668
19949669
19949670
19949671
19949672
19949673
19949674
19949675
19949676
19949677
19949678
19949679
19949680
19949681
19949682
19949683
19949684
19949685
19949686
19949687
19949688
19949689
19949690
19949691
19949692
19949693
19949694
19949695
19949696
19949697
19949698
19949699
19949700
19949701
19949702
19949703
19949704
19949705
19949706
19949707
19949708
19949709
19949710
19949711
19949712
19949713
19949714
19949715
19949716
19949717
19949718
19949719
19949720
19949721
19949722
19949723
19949724
19949725
19949726
19949727
19949728
19949729
19949730
19949731
19949732
19949733
19949734
19949735
19949736
19949737
19949738
19949739
19949740
19949741
19949742
19949743
19949744
19949745
19949746
19949747
19949748
19949749
19949750
19949751
19949752
19949753
19949754
19949755
19949756
19949757
19949758
19949759
19949760
19949761
19949762
19949763
19949764
19949765
19949766
19949767
19949768
19949769
19949770
19949771
19949772
19949773
19949774
19949775
19949776
19949777
19949778
19949779
19949780
19949781
19949782
19949783
19949784
19949785
19949786
19949787
19949788
19949789
19949790
19949791
19949792
19949793
19949794
19949795
19949796
19949797
19949798
19949799
19949800
19949801
19949802
19949803
19949804
19949805
19949806
19949807
19949808
19949809
19949810
19949811
19949812
19949813
19949814
19949815
19949816
19949817
19949818
19949819
19949820
19949821
19949822
19949823
19949824
19949825
19949826
19949827
19949828
19949829
19949830
19949831
19949832
19949833
19949834
19949835
19949836
19949837
19949838
19949839
19949840
19949841
19949842
19949843
19949844
19949845
19949846
19949847
19949848
19949849
19949850
19949851
19949852
19949853
19949854
19949855
19949856
19949857
19949858
19949859
19949860
19949861
19949862
19949863
19949864
19949865
19949866
19949867
19949868
19949869
19949870
19949871
19949872
19949873
19949874
19949875
19949876
19949877
19949878
19949879
19949880
19949881
19949882
19949883
19949884
19949885
19949886
19949887
19949888
19949889
19949890
19949891
19949892
19949893
19949894
19949895
19949896
19949897
19949898
19949899
19949900
19949901
19949902
19949903
19949904
19949905
19949906
19949907
19949908
19949909
19949910
19949911
19949912
19949913
19949914
19949915
19949916
19949917
19949918
19949919
19949920
19949921
19949922
19949923
19949924
19949925
19949926
19949927
19949928
19949929
19949930
19949931
19949932
19949933
19949934
19949935
19949936
19949937
19949938
19949939
19949940
19949941
19949942
19949943
19949944
19949945
19949946
19949947
19949948
19949949
19949950
19949951
19949952
19949953
19949954
19949955
19949956
19949957
19949958
19949959
19949960
19949961
19949962
19949963
19949964
19949965
19949966
19949967
19949968
19949969
19949970
19949971
19949972
19949973
19949974
19949975
19949976
19949977
19949978
19949979
19949980
19949981
19949982
19949983
19949984
19949985
19949986
19949987
19949988
19949989
19949990
19949991
19949992
19949993
19949994
19949995
19949996
19949997
19949998
19949999
